   1.00000000      0.261677772    
   2.00000000      0.241600484    
   3.00000000      0.230891332    
   4.00000000      0.206375733    
   5.00000000      0.172655463    
   6.00000000      0.143221647    
   7.00000000      0.128290981    
   8.00000000      0.126936287    
   9.00000000      0.134379536    
   10.0000000      0.143534780    
   11.0000000      0.156671062    
   12.0000000      0.167485580    
   13.0000000      0.179253504    
   14.0000000      0.188737124    
   15.0000000      0.197138727    
   16.0000000      0.205622554    
   17.0000000      0.211828932    
   18.0000000      0.217430636    
   19.0000000      0.223918214    
   20.0000000      0.228574991    
   21.0000000      0.231308505    
   22.0000000      0.236202240    
   23.0000000      0.240530580    
   24.0000000      0.244317204    
   25.0000000      0.246510968    
   26.0000000      0.250226885    
   27.0000000      0.254147291    
   28.0000000      0.257294059    
   29.0000000      0.260011315    
   30.0000000      0.261063278    
