   1.00000000      0.232159972    
   2.00000000      0.212724358    
   3.00000000      0.205251694    
   4.00000000      0.185382664    
   5.00000000      0.156698585    
   6.00000000      0.132058844    
   7.00000000      0.120792232    
   8.00000000      0.121858194    
   9.00000000      0.130944625    
   10.0000000      0.141009361    
   11.0000000      0.153460234    
   12.0000000      0.163096234    
   13.0000000      0.173518479    
   14.0000000      0.181937352    
   15.0000000      0.189409897    
   16.0000000      0.196977958    
   17.0000000      0.202494293    
   18.0000000      0.207567126    
   19.0000000      0.213383690    
   20.0000000      0.217646778    
   21.0000000      0.220094725    
   22.0000000      0.224576205    
   23.0000000      0.228546351    
   24.0000000      0.231939808    
   25.0000000      0.234032586    
   26.0000000      0.237461850    
   27.0000000      0.241074264    
   28.0000000      0.244003162    
   29.0000000      0.246371090    
   30.0000000      0.247479111    
