   1.00000000      0.202941656    
   2.00000000      0.183974117    
   3.00000000      0.179667994    
   4.00000000      0.164412528    
   5.00000000      0.140751913    
   6.00000000      0.120901532    
   7.00000000      0.113296345    
   8.00000000      0.116781808    
   9.00000000      0.127512276    
   10.0000000      0.138485640    
   11.0000000      0.150249884    
   12.0000000      0.158707649    
   13.0000000      0.167783782    
   14.0000000      0.175137907    
   15.0000000      0.181681275    
   16.0000000      0.188333482    
   17.0000000      0.193159729    
   18.0000000      0.197703704    
   19.0000000      0.202891126    
   20.0000000      0.206718594    
   21.0000000      0.208880976    
   22.0000000      0.212950170    
   23.0000000      0.216562152    
   24.0000000      0.219653651    
   25.0000000      0.221554205    
   26.0000000      0.224696979    
   27.0000000      0.228001222    
   28.0000000      0.230712309    
   29.0000000      0.232862219    
   30.0000000      0.233894974    
